ID = 0000
gamma_L = 1.000000, gamma_R = 0.000000, Om_c = 0.010000, phi = 0.000000pi,
Delta_c = 0.000000, g = 0.000000, Nphot_max = 5, initind = 0,
tolerance = 1E-04, delay_L = 100, endt = 40, dt = 0.010000

coherent initial state amplitude for cavity: 0.000000 and the environment 0.000000
Data file: M*dt,norm,nc_exp,g2_ta,g2_t,NB
