ID = 0002
gamma_L = 1.000000, gamma_R = 0.100000, Om_c = 4.000000, phi = 0.000000pi,
Delta_c = 0.000000, g = 0.500000, Nphot_max = 15, initind = 0,
tolerance = 1E-06, delay_L = 500, endt = 100, dt = 0.002000

coherent initial state amplitude for cavity: 0.000000 and the environment 0.000000
Data file: M*dt,norm,nc_exp,g2_ta,g2_t,NB
