ID = 0009
gamma_L = 0.080000, gamma_R = 0.020000, Om_e = 0.000000, Om_c = 0.000000, phi = 1.000000pi,
Delta_e = 0.000000, Delta_c = 0.000000, g = 4.000000, Nphot_max = 3, initind = 1,
tolerance = 1E-03, delay_L = 100, endt = 10, dt = 0.010000

coherent initial state amplitude for cavity: 0.000000 and the environment 0.000000
Data file: M*dt,norm,exc_pop,gr_pop,nc_exp,g2_ta,g2_t,NB
