ID = 0000
gamma_L = 0.122500, gamma_R = 0.000000, Om_e = 0.010000, Om_c = 0.000000, phi = 0.500000pi,
Delta_e = 0.000000, Delta_c = 0.000000, g = 0.200000, Nphot_max = 5, initind = 0,
tolerance = 1E-05, delay_L = 30, endt = 3000, dt = 0.500000

coherent initial state amplitude for cavity: 0.000000 and the environment 0.000000
Data file: M*dt,norm,exc_pop,gr_pop,nc_exp,g2_ta,g2_t,NB
