
gamma_L = 0.200000, gamma_R = 0.000000, Om_e = 0.000000, Om_c = 0.000000, phi = 0.000000pi,
Delta_e = 0.000000, Delta_c = 0.000000, g = 10.000000, Nphot_max = 20, initind = 0,
tolerance = 1E-02, delay_L = 10, endt = 10, dt = 0.000100

coherent initial state amplitude for cavity: 0.000000 and the environment 0.010000
Data file: M*dt,norm,exc_pop,gr_pop,nc_exp,g2_ta,NB,NB_outa
